// AUTO-GENERATED by gen_quadrature_tables.py — do not edit.
// Basix 0.11.0.dev0 quadrature rules for 'quadrilateral', orders 1..10.
// Regenerate: python tablegen/scripts/gen_quadrature_tables.py 10
//
// SPDX-License-Identifier: MIT
#pragma once

#include <cstddef>

namespace cutcells::quadrature::generated
{
// ---- order 1: 1 point(s), tdim=2 ----
inline constexpr int    quadrilateral_o1_npts    = 1;
inline constexpr int    quadrilateral_o1_tdim    = 2;
inline constexpr double quadrilateral_o1_points[2] = {
    5.000000000000000000e-01, 5.000000000000000000e-01
};
inline constexpr double quadrilateral_o1_weights[1] = {
    1.000000000000000000e+00
};

// ---- order 2: 4 point(s), tdim=2 ----
inline constexpr int    quadrilateral_o2_npts    = 4;
inline constexpr int    quadrilateral_o2_tdim    = 2;
inline constexpr double quadrilateral_o2_points[8] = {
    2.113248654051871345e-01, 2.113248654051871345e-01, 2.113248654051871345e-01, 7.886751345948128655e-01,
    7.886751345948128655e-01, 2.113248654051871345e-01, 7.886751345948128655e-01, 7.886751345948128655e-01
};
inline constexpr double quadrilateral_o2_weights[4] = {
    2.500000000000000000e-01, 2.500000000000000000e-01, 2.500000000000000000e-01, 2.500000000000000000e-01
};

// ---- order 3: 4 point(s), tdim=2 ----
inline constexpr int    quadrilateral_o3_npts    = 4;
inline constexpr int    quadrilateral_o3_tdim    = 2;
inline constexpr double quadrilateral_o3_points[8] = {
    2.113248654051871345e-01, 2.113248654051871345e-01, 2.113248654051871345e-01, 7.886751345948128655e-01,
    7.886751345948128655e-01, 2.113248654051871345e-01, 7.886751345948128655e-01, 7.886751345948128655e-01
};
inline constexpr double quadrilateral_o3_weights[4] = {
    2.500000000000000000e-01, 2.500000000000000000e-01, 2.500000000000000000e-01, 2.500000000000000000e-01
};

// ---- order 4: 9 point(s), tdim=2 ----
inline constexpr int    quadrilateral_o4_npts    = 9;
inline constexpr int    quadrilateral_o4_tdim    = 2;
inline constexpr double quadrilateral_o4_points[18] = {
    1.127016653792582979e-01, 1.127016653792582979e-01, 1.127016653792582979e-01, 5.000000000000000000e-01,
    1.127016653792582979e-01, 8.872983346207417021e-01, 5.000000000000000000e-01, 1.127016653792582979e-01,
    5.000000000000000000e-01, 5.000000000000000000e-01, 5.000000000000000000e-01, 8.872983346207417021e-01,
    8.872983346207417021e-01, 1.127016653792582979e-01, 8.872983346207417021e-01, 5.000000000000000000e-01,
    8.872983346207417021e-01, 8.872983346207417021e-01
};
inline constexpr double quadrilateral_o4_weights[9] = {
    7.716049382716043403e-02, 1.234567901234567416e-01, 7.716049382716043403e-02, 1.234567901234567416e-01,
    1.975308641975308532e-01, 1.234567901234567416e-01, 7.716049382716043403e-02, 1.234567901234567416e-01,
    7.716049382716043403e-02
};

// ---- order 5: 9 point(s), tdim=2 ----
inline constexpr int    quadrilateral_o5_npts    = 9;
inline constexpr int    quadrilateral_o5_tdim    = 2;
inline constexpr double quadrilateral_o5_points[18] = {
    1.127016653792582979e-01, 1.127016653792582979e-01, 1.127016653792582979e-01, 5.000000000000000000e-01,
    1.127016653792582979e-01, 8.872983346207417021e-01, 5.000000000000000000e-01, 1.127016653792582979e-01,
    5.000000000000000000e-01, 5.000000000000000000e-01, 5.000000000000000000e-01, 8.872983346207417021e-01,
    8.872983346207417021e-01, 1.127016653792582979e-01, 8.872983346207417021e-01, 5.000000000000000000e-01,
    8.872983346207417021e-01, 8.872983346207417021e-01
};
inline constexpr double quadrilateral_o5_weights[9] = {
    7.716049382716043403e-02, 1.234567901234567416e-01, 7.716049382716043403e-02, 1.234567901234567416e-01,
    1.975308641975308532e-01, 1.234567901234567416e-01, 7.716049382716043403e-02, 1.234567901234567416e-01,
    7.716049382716043403e-02
};

// ---- order 6: 16 point(s), tdim=2 ----
inline constexpr int    quadrilateral_o6_npts    = 16;
inline constexpr int    quadrilateral_o6_tdim    = 2;
inline constexpr double quadrilateral_o6_points[32] = {
    6.943184420297371373e-02, 6.943184420297371373e-02, 6.943184420297371373e-02, 3.300094782075718713e-01,
    6.943184420297371373e-02, 6.699905217924281287e-01, 6.943184420297371373e-02, 9.305681557970262308e-01,
    3.300094782075718713e-01, 6.943184420297371373e-02, 3.300094782075718713e-01, 3.300094782075718713e-01,
    3.300094782075718713e-01, 6.699905217924281287e-01, 3.300094782075718713e-01, 9.305681557970262308e-01,
    6.699905217924281287e-01, 6.943184420297371373e-02, 6.699905217924281287e-01, 3.300094782075718713e-01,
    6.699905217924281287e-01, 6.699905217924281287e-01, 6.699905217924281287e-01, 9.305681557970262308e-01,
    9.305681557970262308e-01, 6.943184420297371373e-02, 9.305681557970262308e-01, 3.300094782075718713e-01,
    9.305681557970262308e-01, 6.699905217924281287e-01, 9.305681557970262308e-01, 9.305681557970262308e-01
};
inline constexpr double quadrilateral_o6_weights[16] = {
    3.025074832140046965e-02, 5.671296296296293726e-02, 5.671296296296292339e-02, 3.025074832140046965e-02,
    5.671296296296293726e-02, 1.063233257526735864e-01, 1.063233257526735587e-01, 5.671296296296293726e-02,
    5.671296296296292339e-02, 1.063233257526735587e-01, 1.063233257526735170e-01, 5.671296296296292339e-02,
    3.025074832140046965e-02, 5.671296296296293726e-02, 5.671296296296292339e-02, 3.025074832140046965e-02
};

// ---- order 7: 16 point(s), tdim=2 ----
inline constexpr int    quadrilateral_o7_npts    = 16;
inline constexpr int    quadrilateral_o7_tdim    = 2;
inline constexpr double quadrilateral_o7_points[32] = {
    6.943184420297371373e-02, 6.943184420297371373e-02, 6.943184420297371373e-02, 3.300094782075718713e-01,
    6.943184420297371373e-02, 6.699905217924281287e-01, 6.943184420297371373e-02, 9.305681557970262308e-01,
    3.300094782075718713e-01, 6.943184420297371373e-02, 3.300094782075718713e-01, 3.300094782075718713e-01,
    3.300094782075718713e-01, 6.699905217924281287e-01, 3.300094782075718713e-01, 9.305681557970262308e-01,
    6.699905217924281287e-01, 6.943184420297371373e-02, 6.699905217924281287e-01, 3.300094782075718713e-01,
    6.699905217924281287e-01, 6.699905217924281287e-01, 6.699905217924281287e-01, 9.305681557970262308e-01,
    9.305681557970262308e-01, 6.943184420297371373e-02, 9.305681557970262308e-01, 3.300094782075718713e-01,
    9.305681557970262308e-01, 6.699905217924281287e-01, 9.305681557970262308e-01, 9.305681557970262308e-01
};
inline constexpr double quadrilateral_o7_weights[16] = {
    3.025074832140046965e-02, 5.671296296296293726e-02, 5.671296296296292339e-02, 3.025074832140046965e-02,
    5.671296296296293726e-02, 1.063233257526735864e-01, 1.063233257526735587e-01, 5.671296296296293726e-02,
    5.671296296296292339e-02, 1.063233257526735587e-01, 1.063233257526735170e-01, 5.671296296296292339e-02,
    3.025074832140046965e-02, 5.671296296296293726e-02, 5.671296296296292339e-02, 3.025074832140046965e-02
};

// ---- order 8: 25 point(s), tdim=2 ----
inline constexpr int    quadrilateral_o8_npts    = 25;
inline constexpr int    quadrilateral_o8_tdim    = 2;
inline constexpr double quadrilateral_o8_points[50] = {
    4.691007703066801815e-02, 4.691007703066801815e-02, 4.691007703066801815e-02, 2.307653449471584461e-01,
    4.691007703066801815e-02, 5.000000000000000000e-01, 4.691007703066801815e-02, 7.692346550528414983e-01,
    4.691007703066801815e-02, 9.530899229693319263e-01, 2.307653449471584461e-01, 4.691007703066801815e-02,
    2.307653449471584461e-01, 2.307653449471584461e-01, 2.307653449471584461e-01, 5.000000000000000000e-01,
    2.307653449471584461e-01, 7.692346550528414983e-01, 2.307653449471584461e-01, 9.530899229693319263e-01,
    5.000000000000000000e-01, 4.691007703066801815e-02, 5.000000000000000000e-01, 2.307653449471584461e-01,
    5.000000000000000000e-01, 5.000000000000000000e-01, 5.000000000000000000e-01, 7.692346550528414983e-01,
    5.000000000000000000e-01, 9.530899229693319263e-01, 7.692346550528414983e-01, 4.691007703066801815e-02,
    7.692346550528414983e-01, 2.307653449471584461e-01, 7.692346550528414983e-01, 5.000000000000000000e-01,
    7.692346550528414983e-01, 7.692346550528414983e-01, 7.692346550528414983e-01, 9.530899229693319263e-01,
    9.530899229693319263e-01, 4.691007703066801815e-02, 9.530899229693319263e-01, 2.307653449471584461e-01,
    9.530899229693319263e-01, 5.000000000000000000e-01, 9.530899229693319263e-01, 7.692346550528414983e-01,
    9.530899229693319263e-01, 9.530899229693319263e-01
};
inline constexpr double quadrilateral_o8_weights[25] = {
    1.403358721560716248e-02, 2.835000000000001408e-02, 3.369626809688022057e-02, 2.835000000000001408e-02,
    1.403358721560716248e-02, 2.835000000000001408e-02, 5.727135105599782255e-02, 6.807163313768768709e-02,
    5.727135105599782255e-02, 2.835000000000001408e-02, 3.369626809688022057e-02, 6.807163313768768709e-02,
    8.090864197530861501e-02, 6.807163313768768709e-02, 3.369626809688022057e-02, 2.835000000000001408e-02,
    5.727135105599782255e-02, 6.807163313768768709e-02, 5.727135105599782255e-02, 2.835000000000001408e-02,
    1.403358721560716248e-02, 2.835000000000001408e-02, 3.369626809688022057e-02, 2.835000000000001408e-02,
    1.403358721560716248e-02
};

// ---- order 9: 25 point(s), tdim=2 ----
inline constexpr int    quadrilateral_o9_npts    = 25;
inline constexpr int    quadrilateral_o9_tdim    = 2;
inline constexpr double quadrilateral_o9_points[50] = {
    4.691007703066801815e-02, 4.691007703066801815e-02, 4.691007703066801815e-02, 2.307653449471584461e-01,
    4.691007703066801815e-02, 5.000000000000000000e-01, 4.691007703066801815e-02, 7.692346550528414983e-01,
    4.691007703066801815e-02, 9.530899229693319263e-01, 2.307653449471584461e-01, 4.691007703066801815e-02,
    2.307653449471584461e-01, 2.307653449471584461e-01, 2.307653449471584461e-01, 5.000000000000000000e-01,
    2.307653449471584461e-01, 7.692346550528414983e-01, 2.307653449471584461e-01, 9.530899229693319263e-01,
    5.000000000000000000e-01, 4.691007703066801815e-02, 5.000000000000000000e-01, 2.307653449471584461e-01,
    5.000000000000000000e-01, 5.000000000000000000e-01, 5.000000000000000000e-01, 7.692346550528414983e-01,
    5.000000000000000000e-01, 9.530899229693319263e-01, 7.692346550528414983e-01, 4.691007703066801815e-02,
    7.692346550528414983e-01, 2.307653449471584461e-01, 7.692346550528414983e-01, 5.000000000000000000e-01,
    7.692346550528414983e-01, 7.692346550528414983e-01, 7.692346550528414983e-01, 9.530899229693319263e-01,
    9.530899229693319263e-01, 4.691007703066801815e-02, 9.530899229693319263e-01, 2.307653449471584461e-01,
    9.530899229693319263e-01, 5.000000000000000000e-01, 9.530899229693319263e-01, 7.692346550528414983e-01,
    9.530899229693319263e-01, 9.530899229693319263e-01
};
inline constexpr double quadrilateral_o9_weights[25] = {
    1.403358721560716248e-02, 2.835000000000001408e-02, 3.369626809688022057e-02, 2.835000000000001408e-02,
    1.403358721560716248e-02, 2.835000000000001408e-02, 5.727135105599782255e-02, 6.807163313768768709e-02,
    5.727135105599782255e-02, 2.835000000000001408e-02, 3.369626809688022057e-02, 6.807163313768768709e-02,
    8.090864197530861501e-02, 6.807163313768768709e-02, 3.369626809688022057e-02, 2.835000000000001408e-02,
    5.727135105599782255e-02, 6.807163313768768709e-02, 5.727135105599782255e-02, 2.835000000000001408e-02,
    1.403358721560716248e-02, 2.835000000000001408e-02, 3.369626809688022057e-02, 2.835000000000001408e-02,
    1.403358721560716248e-02
};

// ---- order 10: 36 point(s), tdim=2 ----
inline constexpr int    quadrilateral_o10_npts    = 36;
inline constexpr int    quadrilateral_o10_tdim    = 2;
inline constexpr double quadrilateral_o10_points[72] = {
    3.376524289842397497e-02, 3.376524289842397497e-02, 3.376524289842397497e-02, 1.693953067668677037e-01,
    3.376524289842397497e-02, 3.806904069584015060e-01, 3.376524289842397497e-02, 6.193095930415984940e-01,
    3.376524289842397497e-02, 8.306046932331323518e-01, 3.376524289842397497e-02, 9.662347571015760250e-01,
    1.693953067668677037e-01, 3.376524289842397497e-02, 1.693953067668677037e-01, 1.693953067668677037e-01,
    1.693953067668677037e-01, 3.806904069584015060e-01, 1.693953067668677037e-01, 6.193095930415984940e-01,
    1.693953067668677037e-01, 8.306046932331323518e-01, 1.693953067668677037e-01, 9.662347571015760250e-01,
    3.806904069584015060e-01, 3.376524289842397497e-02, 3.806904069584015060e-01, 1.693953067668677037e-01,
    3.806904069584015060e-01, 3.806904069584015060e-01, 3.806904069584015060e-01, 6.193095930415984940e-01,
    3.806904069584015060e-01, 8.306046932331323518e-01, 3.806904069584015060e-01, 9.662347571015760250e-01,
    6.193095930415984940e-01, 3.376524289842397497e-02, 6.193095930415984940e-01, 1.693953067668677037e-01,
    6.193095930415984940e-01, 3.806904069584015060e-01, 6.193095930415984940e-01, 6.193095930415984940e-01,
    6.193095930415984940e-01, 8.306046932331323518e-01, 6.193095930415984940e-01, 9.662347571015760250e-01,
    8.306046932331323518e-01, 3.376524289842397497e-02, 8.306046932331323518e-01, 1.693953067668677037e-01,
    8.306046932331323518e-01, 3.806904069584015060e-01, 8.306046932331323518e-01, 6.193095930415984940e-01,
    8.306046932331323518e-01, 8.306046932331323518e-01, 8.306046932331323518e-01, 9.662347571015760250e-01,
    9.662347571015760250e-01, 3.376524289842397497e-02, 9.662347571015760250e-01, 1.693953067668677037e-01,
    9.662347571015760250e-01, 3.806904069584015060e-01, 9.662347571015760250e-01, 6.193095930415984940e-01,
    9.662347571015760250e-01, 8.306046932331323518e-01, 9.662347571015760250e-01, 9.662347571015760250e-01
};
inline constexpr double quadrilateral_o10_weights[36] = {
    7.338020422245066822e-03, 1.545182334309579825e-02, 2.004127932945162088e-02, 2.004127932945160701e-02,
    1.545182334309579825e-02, 7.338020422245066822e-03, 1.545182334309579825e-02, 3.253722814704185923e-02,
    4.220134177189697328e-02, 4.220134177189695246e-02, 3.253722814704185923e-02, 1.545182334309579825e-02,
    2.004127932945162088e-02, 4.220134177189697328e-02, 5.473586254182419980e-02, 5.473586254182416511e-02,
    4.220134177189697328e-02, 2.004127932945162088e-02, 2.004127932945160701e-02, 4.220134177189695246e-02,
    5.473586254182416511e-02, 5.473586254182413735e-02, 4.220134177189695246e-02, 2.004127932945160701e-02,
    1.545182334309579825e-02, 3.253722814704185923e-02, 4.220134177189697328e-02, 4.220134177189695246e-02,
    3.253722814704185923e-02, 1.545182334309579825e-02, 7.338020422245066822e-03, 1.545182334309579825e-02,
    2.004127932945162088e-02, 2.004127932945160701e-02, 1.545182334309579825e-02, 7.338020422245066822e-03
};

} // namespace cutcells::quadrature::generated
